    279 96
    184 80
    169 156
    164 203
    121 99
    107 185
     99 188
     90 199
     89 182
     76 95
     75 212
     71 79
     71 215
     71 195
     71 166
     65 163
     62 115
     61 109
     48 169
     47 209
     44 139
     44 114
     39 179
     34 192
     30 206
     29 126
     20 172
     20 118
     12 78
      8 93
      8 110
      6 76
      4 223
      4 148
      3 94
      3 72
      3 191
      3 108
      3 107
      2 91
      2 228
      2 227
      2 202
      2 149
      2 129
      1 224
      1 125
      1 106
